9
IGHV1  0.000000 0.327731 0.596639 0.378151 0.453781 0.294118 0.487395 0.210526 0.411765
IGHV14 0.327731 0.000000 0.579832 0.420168 0.470588 0.394958 0.487395 0.403509 0.537815
IGHV2  0.596639 0.579832 0.000000 0.495798 0.403361 0.537815 0.441667 0.596491 0.563025
IGHV3  0.378151 0.420168 0.495798 0.000000 0.386555 0.411765 0.420168 0.359649 0.487395
IGHV4  0.453781 0.470588 0.403361 0.386555 0.000000 0.436975 0.294118 0.482456 0.554622
IGHV5  0.294118 0.394958 0.537815 0.411765 0.436975 0.000000 0.529412 0.333333 0.462185
IGHV6  0.487395 0.487395 0.441667 0.420168 0.294118 0.529412 0.000000 0.482456 0.579832
IGHV7  0.210526 0.403509 0.596491 0.359649 0.482456 0.333333 0.482456 0.000000 0.289474
IGHV9  0.411765 0.537815 0.563025 0.487395 0.554622 0.462185 0.579832 0.289474 0.000000
